14.302
14.51
46.9599
32.8078
29.4286
15.6052
56.5014
53.2175
19.457
14.2927
51.6517
36.2207
47.3035
41.3035
60.0202
24.122
47.9019
49.9469
65.6579
57.9533
33.5338
15.0224
42.7886
13.6129
8.12251
-7.6322
36.498
-7.79815
-1.38583
52.3663
34.4108
71.6333
50.0447
64.8323
84.1196
21.9054
51.2982
17.7382
34.4684
82.1873
32.4971
-7.40855
69.1971
51.4089
95.1728
56.7896
57.6136
-6.60956
44.9678
100.192
5.22049
14.5997
16.8086
33.054
39.991
82.4691
99.1489
15.7262
37.0723
42.4572
-4.53652
21.4187
6.43088
2.25395
106.241
111.852
118.283
84.8219
25.9807
11.9427
98.3549
49.149
92.4965
78.5022
80.2086
32.5971
73.2292
11.2019
107.049
99.0992
108.845
18.1989
64.8467
16.1263
87.8194
99.8908
99.9946
64.9408
89.3447
73.3667
127.413
116.785
29.68
128.991
37.6289
53.3056
126.956
72.4751
87.7469
97.039
52.2172
16.0821
49.6853
141.569
86.3647
87.0712
75.2283
93.8794
106.384
94.6419
56.9818
72.6593
83.8192
94.3595
32.1495
46.1654
101.963
130.305
14.848
30.1179
40.2753
116.379
138.884
159.427
68.9385
75.8062
75.1808
65.6761
152.206
93.6082
76.966
58.8944
90.2227
166.704
161.522
60.1076
64.1423
90.8306
109.675
25.2643
15.3667
27.4912
124.584
117.03
104.331
135.513
179.631
55.2844
42.4064
64.0107
78.83
24.1462
33.2352
150.847
83.2511
63.6097
58.8508
167.796
18.1559
181.053
56.9998
62.7067
91.2104
49.4727
74.0808
46.7523
16.9856
19.9821
-8.49342
190.671
18.5363
83.3796
18.0475
160.421
34.2298
7.95824
221.508
6.54866
211.316
215.74
204.729
59.1895
13.5813
50.1763
111.296
18.3869
236.559
118.321
45.1278
131.722
79.2826
107.636
-6.36053
93.8874
46.0352
243.305
65.0988
29.1445
66.607
205.269
87.9978
73.776
175.701
184.093
194.04
105.048
106.796
22.9508
228.865
37.5912
222.302
234.844
17.7732
239.296
207.728
73.4526
196.802
214.504
187.604
178.205
174.327
57.3286
248.412
161.22
172.327
164.465
152.583
151.044
140.915
154.618
2.0286
101.439
134.573
229.173
-1.85208
226.441
2.80497
240.65
14.7553
8.63366
91.2351
151.833
186.356
34.5028
213.795
56.2678
212.511
196.638
199.52
58.6288
243.335
77.2778
42.2112
240.76
281.533
56.8536
53.7235
16.7858
99.4822
91.9387
74.368
126.372
61.25
215.756
277.132
133.896
95.6133
240.419
46.4168
240.29
30.6425
224.537
38.4356
89.718
248.165
238.237
270.612
210.714
37.0457
30.4331
173.743
256.35
57.7605
175.378
64.3511
64.9624
205.965
54.1049
92.7742
30.5135
46.4649
78.2547
176.421
232.74
110.176
47.6816
135.173
164.305
106.824
86.6177
21.0794
30.6441
204.801
64.8229
163.198
199.206
208.085
201.265
157.522
99.8868
194.595
27.156
122.159
84.5334
135.397
149.143
121.138
106.777
149.395
139.341
136.618
113.236
119.404
104.501
137.341
320.474
68.2724
94.9621
-15.167
90.4889
120.887
100.939
138.432
145.432
88.8746
76.0194
89.309
