pin1	pin2	pin3	pin4	pin5
1.1271	0.710078	0.315701	1.41158	0.0598171
1.16323	0.733556	0.314901	1.45798	0.11941
1.19925	0.757001	0.313713	1.5043	0.178778
1.23515	0.780411	0.312243	1.55054	0.237919
1.27093	0.803786	0.310576	1.59669	0.296831
1.30659	0.827122	0.308773	1.64275	0.355514
1.34212	0.850419	0.306881	1.68871	0.413966
1.37752	0.873674	0.304931	1.73459	0.472186
1.41279	0.896885	0.302947	1.78036	0.530172
1.44793	0.920052	0.300945	1.82604	0.587924
1.48294	0.943173	0.298939	1.87161	0.64544
1.51781	0.966245	0.296937	1.91708	0.702718
1.55255	0.989267	0.294948	1.96244	0.759759
1.58715	1.01224	0.292977	2.00769	0.816561
1.6216	1.03516	0.29103	2.05282	0.873122
1.65592	1.05802	0.28911	2.09785	0.929443
1.69009	1.08083	0.287222	2.14275	0.985521
1.72412	1.10358	0.285367	2.18753	1.04136
1.758	1.12627	0.283549	2.23219	1.09695
1.79173	1.1489	0.28177	2.27673	1.15229
1.82532	1.17147	0.280032	2.32114	1.2074
1.85875	1.19397	0.278339	2.36542	1.26225
1.89203	1.21642	0.276692	2.40957	1.31686
1.92516	1.2388	0.275093	2.45359	1.37122
1.95814	1.26111	0.273545	2.49748	1.42533
1.99096	1.28336	0.272051	2.54123	1.47919
2.02362	1.30553	0.270613	2.58484	1.5328
2.05613	1.32764	0.269234	2.62831	1.58617
2.08849	1.34968	0.267918	2.67164	1.63928
2.12068	1.37165	0.266667	2.71482	1.69214
2.15272	1.39355	0.265486	2.75786	1.74474
2.1846	1.41538	0.264378	2.80076	1.7971
2.21631	1.43713	0.263348	2.84351	1.8492
2.24787	1.45881	0.2624	2.8861	1.90105
2.27927	1.48041	0.261541	2.92855	1.95264
2.31051	1.50195	0.260775	2.97084	2.00398
2.34159	1.5234	0.26011	3.01299	2.05506
2.3725	1.54479	0.259551	3.05497	2.10589
2.40326	1.56609	0.259106	3.0968	2.15646
2.43385	1.58732	0.258782	3.13848	2.20678
2.46428	1.60848	0.258587	3.17999	2.25684
2.49455	1.62956	0.258529	3.22135	2.30664
2.52466	1.65056	0.258614	3.26255	2.35619
2.5546	1.67149	0.258849	3.30358	2.40548
2.58439	1.69234	0.25924	3.34446	2.45451
2.61401	1.71312	0.259792	3.38517	2.50328
2.64346	1.73382	0.260506	3.42571	2.55179
2.67275	1.75445	0.261384	3.4661	2.60005
2.70188	1.775	0.262426	3.50632	2.64804
2.73085	1.79548	0.26363	3.54637	2.69578
2.75965	1.8159	0.264992	3.58625	2.74326
2.78829	1.83624	0.266508	3.62597	2.79048
2.81676	1.85651	0.268174	3.66552	2.83743
2.84506	1.87672	0.269983	3.7049	2.88413
2.8732	1.89686	0.271931	3.74412	2.93057
2.90118	1.91695	0.274014	3.78316	2.97675
2.92898	1.93697	0.276226	3.82204	3.02266
2.95662	1.95694	0.278566	3.86074	3.06832
2.98409	1.97685	0.281029	3.89927	3.11372
3.01139	1.99672	0.283613	3.93763	3.15885
3.03853	2.01654	0.286317	3.97582	3.20373
3.0655	2.03633	0.289139	4.01384	3.24834
3.09229	2.05608	0.292078	4.05169	3.29269
3.11892	2.0758	0.295135	4.08936	3.33678
3.14538	2.0955	0.298308	4.12686	3.38062
3.17167	2.11519	0.301598	4.16418	3.42419
3.19778	2.13487	0.305005	4.20133	3.4675
3.22373	2.15456	0.308529	4.23831	3.51055
3.24951	2.17426	0.312171	4.27511	3.55334
3.27512	2.19398	0.315931	4.31173	3.59588
3.30056	2.21375	0.319809	4.34818	3.63815
3.32584	2.23356	0.323807	4.38445	3.68017
3.35094	2.25343	0.327924	4.42055	3.72193
3.37587	2.27339	0.332161	4.45646	3.76343
3.40064	2.29344	0.336519	4.4922	3.80468
3.42524	2.31361	0.340996	4.52777	3.84567
3.44968	2.33391	0.345595	4.56315	3.88641
3.47395	2.35437	0.350314	4.59836	3.9269
3.49807	2.37501	0.355155	4.63338	3.96713
3.52204	2.39586	0.360116	4.66823	4.00711
3.54588	2.41695	0.365198	4.7029	4.04684
3.5696	2.4383	0.3704	4.73739	4.08633
3.59323	2.45995	0.375723	4.7717	4.12556
3.61681	2.48194	0.381165	4.80583	4.16455
3.64037	2.50431	0.386727	4.83978	4.2033
3.66397	2.52709	0.392407	4.87355	4.2418
3.68767	2.55033	0.398204	4.90715	4.28006
3.71155	2.57409	0.404119	4.94056	4.31808
3.73571	2.59842	0.41015	4.97379	4.35586
3.76025	2.62337	0.416296	5.00685	4.39341
3.78532	2.649	0.422556	5.03973	4.43071
3.81108	2.67539	0.428928	5.07243	4.46779
3.83773	2.70261	0.435412	5.10495	4.50463
3.8655	2.73074	0.442006	5.13731	4.54125
3.89465	2.75986	0.448708	5.16951	4.57763
3.92553	2.79006	0.455517	5.20155	4.61379
3.95851	2.82145	0.46243	5.23344	4.64972
3.99408	2.85413	0.469447	5.26521	4.68542
4.03279	2.88822	0.476565	5.29687	4.72091
4.07532	2.92384	0.483783	5.32845	4.75617
4.12251	2.96113	0.491098	5.35997	4.79122
4.17535	3.00023	0.498508	5.39147	4.82604
4.23508	3.04129	0.506011	5.423	4.86065
4.30319	3.08448	0.513605	5.4546	4.89505
4.38148	3.12997	0.521288	5.48635	4.92923
4.4721	3.17795	0.529056	5.5183	4.96319
4.57757	3.22862	0.536908	5.55054	4.99695
4.70064	3.28219	0.544842	5.58318	5.03049
4.84413	3.33888	0.552854	5.61631	5.06383
5.01049	3.3989	0.560942	5.65007	5.09695
5.20118	3.46251	0.569104	5.68461	5.12987
5.41604	3.52994	0.577337	5.72008	5.16259
5.65304	3.60143	0.585638	5.75668	5.19509
5.90855	3.67724	0.594004	5.79463	5.22739
6.17819	3.7576	0.602434	5.83418	5.25949
6.45776	3.84274	0.610924	5.8756	5.29138
6.74381	3.93288	0.619472	5.91923	5.32307
7.03374	4.02823	0.628075	5.96542	5.35455
7.32572	4.12895	0.63673	6.0146	5.38583
7.61849	4.23519	0.645435	6.06724	5.41691
7.91125	4.34705	0.654187	6.12389	5.44779
8.20341	4.46461	0.662983	6.18517	5.47847
8.49451	4.58786	0.671821	6.25176	5.50894
8.78424	4.7168	0.680698	6.32445	5.53922
9.07238	4.85132	0.689612	6.40412	5.56929
9.35876	4.99131	0.69856	6.4917	5.59916
9.64327	5.13659	0.707539	6.58821	5.62884
9.92584	5.28695	0.716547	6.69472	5.65831
10.2064	5.44212	0.725582	6.81228	5.68759
10.485	5.60184	0.734642	6.94188	5.71667
10.7615	5.76579	0.743723	7.08434	5.74555
11.0359	5.93367	0.752824	7.24024	5.77423
11.3082	6.10514	0.761942	7.40983	5.80272
11.5785	6.27988	0.771075	7.59293	5.83101
11.8466	6.45756	0.780222	7.78893	5.8591
12.1127	6.63788	0.789379	7.99685	5.887
12.3768	6.82051	0.798546	8.21542	5.91471
12.6387	7.00519	0.807719	8.44318	5.94222
12.8986	7.19162	0.816898	8.67864	5.96954
13.1565	7.37956	0.82608	8.92037	5.99667
13.4123	7.56877	0.835263	9.16708	6.0236
13.6661	7.75902	0.844446	9.41762	6.05035
13.918	7.95011	0.853628	9.67103	6.0769
14.1678	8.14185	0.862806	9.92648	6.10327
14.4156	8.33407	0.871979	10.1833	6.12945
14.6615	8.52661	0.881146	10.4409	6.15545
14.9054	8.71933	0.890305	10.6989	6.18126
15.1475	8.91209	0.899455	10.9568	6.20688
15.3875	9.10477	0.908595	11.2143	6.23233
15.6257	9.29728	0.917724	11.4713	6.25759
15.862	9.4895	0.92684	11.7274	6.28267
16.0965	9.68135	0.935943	11.9826	6.30757
16.329	9.87275	0.945032	12.2366	6.3323
16.5598	10.0636	0.954106	12.4895	6.35686
16.7887	10.2539	0.963164	12.7411	6.38126
17.0158	10.4435	0.972205	12.9913	6.40549
17.241	10.6324	0.98123	13.24	6.42958
17.4645	10.8206	0.990236	13.4873	6.45353
17.6863	11.008	0.999225	13.7331	6.47736
17.9063	11.1945	1.0082	13.9774	6.50108
18.1245	11.3801	1.01715	14.2201	6.52472
18.341	11.5648	1.02608	14.4611	6.54829
18.5558	11.7486	1.03499	14.7006	6.57183
18.769	11.9314	1.04389	14.9385	6.59536
18.9804	12.1132	1.05276	15.1747	6.61892
19.1901	12.294	1.06162	15.4093	6.64255
19.3982	12.4738	1.07046	15.6422	6.6663
19.6047	12.6526	1.07928	15.8736	6.69022
19.8095	12.8302	1.08808	16.1032	6.71437
20.0127	13.0068	1.09687	16.3312	6.73881
20.2143	13.1823	1.10563	16.5576	6.76361
20.4143	13.3567	1.11438	16.7823	6.78886
20.6127	13.53	1.12312	17.0054	6.81465
20.8096	13.7022	1.13184	17.2269	6.84107
21.0049	13.8732	1.14055	17.4468	6.86823
21.1987	14.0432	1.14924	17.665	6.89625
21.3909	14.212	1.15792	17.8816	6.92527
21.5816	14.3796	1.16659	18.0966	6.95543
21.7708	14.5462	1.17526	18.31	6.98688
21.9585	14.7116	1.18391	18.5219	7.0198
22.1448	14.8758	1.19256	18.7321	7.05439
22.3295	15.039	1.2012	18.9408	7.09086
22.5128	15.2009	1.20984	19.1479	7.12943
22.6947	15.3618	1.21848	19.3534	7.17036
22.8751	15.5215	1.22711	19.5574	7.21393
23.0541	15.6801	1.23575	19.7599	7.26044
23.2317	15.8375	1.24439	19.9608	7.31023
23.4079	15.9939	1.25304	20.1602	7.36365
23.5827	16.1491	1.2617	20.3581	7.42109
23.7561	16.3031	1.27037	20.5545	7.48299
23.9281	16.4561	1.27905	20.7494	7.54979
24.0988	16.608	1.28775	20.9428	7.62198
24.2681	16.7587	1.29646	21.1347	7.70006
24.4361	16.9083	1.3052	21.3251	7.78458
24.6028	17.0569	1.31396	21.5141	7.87608
24.7681	17.2043	1.32275	21.7017	7.9751
24.9322	17.3507	1.33157	21.8878	8.08217
25.0949	17.496	1.34042	22.0724	8.19779
25.2564	17.6402	1.34931	22.2556	8.32239
25.4166	17.7833	1.35824	22.4374	8.45632
25.5755	17.9253	1.36722	22.6178	8.59984
25.7331	18.0663	1.37624	22.7968	8.75305
25.8895	18.2063	1.38532	22.9744	8.91591
26.0447	18.3452	1.39445	23.1506	9.08822
26.1986	18.483	1.40364	23.3254	9.26964
26.3513	18.6199	1.4129	23.4989	9.45965
26.5028	18.7557	1.42223	23.6709	9.65766
26.6531	18.8904	1.43164	23.8417	9.86295
26.8022	19.0242	1.44112	24.011	10.0748
26.9502	19.157	1.45069	24.179	10.2923
27.0969	19.2887	1.46035	24.3457	10.5149
27.2425	19.4195	1.4701	24.511	10.7417
27.3869	19.5493	1.47996	24.6751	10.972
27.5302	19.678	1.48992	24.8377	11.2052
27.6724	19.8059	1.5	24.9991	11.4408
27.8134	19.9327	1.5102	25.1592	11.6782
27.9533	20.0586	1.52052	25.3179	11.917
28.0921	20.1836	1.53098	25.4754	12.1568
28.2297	20.3075	1.54158	25.6316	12.3973
28.3663	20.4306	1.55233	25.7864	12.6381
28.5018	20.5527	1.56323	25.94	12.879
28.6362	20.6739	1.5743	26.0923	13.1197
28.7696	20.7942	1.58553	26.2434	13.3601
28.9018	20.9136	1.59695	26.3931	13.6
29.033	21.032	1.60855	26.5416	13.8392
29.1632	21.1496	1.62035	26.6889	14.0776
29.2923	21.2663	1.63236	26.8349	14.3151
29.4204	21.3821	1.64458	26.9796	14.5516
29.5475	21.497	1.65702	27.1231	14.787
29.6736	21.611	1.6697	27.2653	15.0213
29.7986	21.7242	1.68263	27.4064	15.2544
29.9227	21.8365	1.69581	27.5461	15.4862
30.0457	21.948	1.70926	27.6847	15.7167
30.1678	22.0586	1.72298	27.822	15.9459
30.2889	22.1684	1.737	27.958	16.1736
30.409	22.2774	1.75131	28.0929	16.4
30.5282	22.3855	1.76594	28.2265	16.625
30.6464	22.4928	1.78089	28.3589	16.8485
30.7636	22.5994	1.79618	28.4901	17.0706
30.88	22.7051	1.81182	28.6201	17.2912
30.9953	22.81	1.82782	28.7489	17.5104
31.1098	22.9141	1.8442	28.8765	17.728
31.2233	23.0174	1.86097	29.0029	17.9442
31.3359	23.12	1.87815	29.128	18.1589
31.4476	23.2217	1.89574	29.252	18.3721
31.5584	23.3228	1.91377	29.3748	18.5838
31.6683	23.423	1.93224	29.4964	18.794
31.7774	23.5225	1.95118	29.6168	19.0027
31.8855	23.6213	1.97059	29.736	19.2099
31.9928	23.7193	1.9905	29.854	19.4157
32.0992	23.8165	2.01091	29.9709	19.6199
32.2047	23.9131	2.03184	30.0866	19.8227
32.3094	24.0089	2.05331	30.2011	20.024
32.4133	24.104	2.07532	30.3144	20.2239
32.5163	24.1984	2.0979	30.4266	20.4223
32.6184	24.2921	2.12106	30.5375	20.6192
32.7198	24.3851	2.1448	30.6474	20.8147
32.8203	24.4773	2.16915	30.756	21.0088
32.92	24.5689	2.19412	30.8635	21.2014
33.0189	24.6598	2.21971	30.9699	21.3926
33.117	24.7501	2.24594	31.0751	21.5824
33.2142	24.8396	2.27281	31.1792	21.7708
33.3107	24.9285	2.30034	31.2821	21.9578
33.4065	25.0168	2.32854	31.3838	22.1434
33.5014	25.1043	2.3574	31.4845	22.3276
33.5956	25.1913	2.38694	31.5839	22.5105
33.689	25.2775	2.41716	31.6823	22.6919
33.7816	25.3632	2.44806	31.7795	22.8721
33.8735	25.4482	2.47964	31.8757	23.0508
33.9646	25.5325	2.5119	31.9707	23.2283
34.055	25.6163	2.54483	32.0645	23.4044
34.1446	25.6994	2.57844	32.1573	23.5792
34.2335	25.7819	2.6127	32.249	23.7526
34.3217	25.8638	2.64762	32.3395	23.9248
34.4092	25.9451	2.68319	32.429	24.0956
34.4959	26.0258	2.71938	32.5174	24.2652
34.582	26.1059	2.75618	32.6047	24.4335
34.6673	26.1854	2.79358	32.6909	24.6005
34.7519	26.2643	2.83156	32.776	24.7663
34.8358	26.3426	2.87009	32.8601	24.9308
34.9191	26.4204	2.90916	32.9431	25.0941
35.0016	26.4976	2.94873	33.0251	25.2561
35.0835	26.5742	2.98879	33.106	25.4169
35.1647	26.6502	3.0293	33.1858	25.5765
35.2453	26.7257	3.07024	33.2646	25.7348
35.3251	26.8007	3.11158	33.3424	25.892
35.4044	26.8751	3.15329	33.4192	26.0479
35.4829	26.9489	3.19534	33.4949	26.2027
35.5608	27.0222	3.23769	33.5696	26.3563
35.6381	27.095	3.28033	33.6433	26.5087
35.7147	27.1672	3.32321	33.716	26.6599
35.7907	27.2389	3.3663	33.7878	26.81
35.8661	27.3101	3.40959	33.8585	26.9589
35.9409	27.3808	3.45302	33.9283	27.1067
36.015	27.4509	3.49659	33.9971	27.2533
36.0885	27.5206	3.54025	34.0649	27.3988
36.1614	27.5897	3.58398	34.1318	27.5432
36.2337	27.6583	3.62776	34.1977	27.6864
36.3054	27.7265	3.67155	34.2627	27.8286
36.3765	27.7941	3.71533	34.3268	27.9696
36.4471	27.8612	3.75909	34.3899	28.1095
36.517	27.9279	3.80278	34.4522	28.2484
36.5863	27.9941	3.84641	34.5135	28.3861
36.6551	28.0598	3.88993	34.574	28.5228
36.7233	28.125	3.93334	34.6335	28.6584
36.7909	28.1897	3.97662	34.6922	28.793
36.858	28.254	4.01974	34.75	28.9265
36.9245	28.3178	4.0627	34.807	29.0589
36.9905	28.3811	4.10547	34.8631	29.1903
37.0559	28.444	4.14805	34.9183	29.3206
37.1207	28.5064	4.19042	34.9728	29.4499
37.1851	28.5684	4.23257	35.0264	29.5782
37.2488	28.63	4.27448	35.0792	29.7054
37.3121	28.691	4.31615	35.1311	29.8316
37.3748	28.7517	4.35757	35.1823	29.9568
37.437	28.8119	4.39873	35.2327	30.081
37.4987	28.8717	4.43961	35.2824	30.2042
37.5598	28.931	4.48023	35.3312	30.3264
37.6205	28.9899	4.52055	35.3793	30.4476
37.6806	29.0484	4.56059	35.4266	30.5678
37.7402	29.1065	4.60034	35.4733	30.6871
37.7994	29.1642	4.63979	35.5191	30.8053
37.858	29.2214	4.67894	35.5643	30.9226
37.9161	29.2782	4.71778	35.6087	31.0389
37.9738	29.3347	4.75631	35.6524	31.1543
38.031	29.3907	4.79453	35.6955	31.2687
38.0876	29.4463	4.83243	35.7378	31.3821
38.1439	29.5015	4.87002	35.7795	31.4946
38.1996	29.5563	4.90729	35.8205	31.6061
38.2549	29.6108	4.94424	35.8608	31.7167
38.3097	29.6648	4.98088	35.9005	31.8264
38.364	29.7184	5.01719	35.9396	31.9351
38.4179	29.7717	5.05318	35.978	32.043
38.4713	29.8246	5.08885	36.0158	32.1499
38.5243	29.8771	5.1242	36.0529	32.2558
38.5768	29.9292	5.15923	36.0895	32.3609
38.6289	29.981	5.19394	36.1255	32.4651
38.6805	30.0324	5.22833	36.1608	32.5683
38.7317	30.0834	5.2624	36.1956	32.6707
38.7825	30.1341	5.29615	36.2298	32.7722
38.8328	30.1844	5.32959	36.2635	32.8727
38.8827	30.2343	5.36272	36.2966	32.9724
38.9322	30.2839	5.39553	36.3291	33.0713
38.9813	30.3331	5.42802	36.3611	33.1692
39.03	30.382	5.46021	36.3926	33.2663
39.0782	30.4305	5.49209	36.4235	33.3625
39.126	30.4787	5.52367	36.454	33.4578
39.1735	30.5266	5.55494	36.4839	33.5523
39.2205	30.5741	5.5859	36.5133	33.6459
39.2671	30.6212	5.61657	36.5422	33.7387
39.3133	30.6681	5.64694	36.5706	33.8306
39.3592	30.7146	5.67701	36.5986	33.9217
39.4046	30.7607	5.70678	36.626	34.0119
39.4497	30.8066	5.73627	36.653	34.1013
39.4944	30.8521	5.76547	36.6796	34.1899
39.5386	30.8973	5.79437	36.7057	34.2777
39.5826	30.9421	5.823	36.7313	34.3646
39.6261	30.9867	5.85134	36.7565	34.4507
39.6693	31.0309	5.8794	36.7813	34.5361
39.7121	31.0748	5.90718	36.8056	34.6206
39.7545	31.1184	5.93469	36.8296	34.7043
39.7966	31.1617	5.96192	36.8531	34.7872
39.8383	31.2047	5.98888	36.8762	34.8693
39.8797	31.2474	6.01558	36.8989	34.9506
39.9207	31.2898	6.04201	36.9212	35.0312
39.9613	31.3319	6.06818	36.9431	35.1109
40.0016	31.3736	6.09408	36.9646	35.1899
40.0416	31.4151	6.11973	36.9858	35.2681
40.0812	31.4563	6.14512	37.0066	35.3456
40.1205	31.4972	6.17026	37.027	35.4222
40.1594	31.5378	6.19515	37.047	35.4982
40.198	31.5781	6.21979	37.0667	35.5733
40.2363	31.6182	6.24418	37.0861	35.6478
40.2743	31.6579	6.26833	37.1051	35.7214
40.3119	31.6974	6.29224	37.1237	35.7944
40.3492	31.7366	6.31591	37.1421	35.8666
40.3862	31.7755	6.33934	37.1601	35.9381
40.4228	31.8141	6.36254	37.1777	36.0088
40.4592	31.8525	6.38551	37.1951	36.0788
40.4952	31.8906	6.40825	37.2121	36.1482
40.5309	31.9284	6.43076	37.2289	36.2168
40.5664	31.966	6.45305	37.2453	36.2847
40.6015	32.0033	6.47511	37.2614	36.3518
40.6363	32.0403	6.49696	37.2772	36.4183
40.6708	32.077	6.51859	37.2928	36.4841
40.705	32.1135	6.54	37.308	36.5493
40.7389	32.1498	6.5612	37.323	36.6137
40.7726	32.1858	6.58218	37.3376	36.6775
40.8059	32.2215	6.60296	37.352	36.7405
40.839	32.257	6.62354	37.3662	36.803
40.8717	32.2922	6.6439	37.38	36.8647
40.9042	32.3272	6.66407	37.3936	36.9258
40.9364	32.3619	6.68404	37.407	36.9862
40.9683	32.3964	6.70381	37.4201	37.046
41	32.4306	6.72338	37.4329	37.1052
41.0314	32.4646	6.74276	37.4455	37.1637
41.0625	32.4984	6.76194	37.4578	37.2216
41.0933	32.5319	6.78094	37.4699	37.2788
41.1239	32.5652	6.79975	37.4817	37.3355
41.1542	32.5983	6.81838	37.4933	37.3915
41.1842	32.6311	6.83682	37.5047	37.4469
41.214	32.6636	6.85508	37.5159	37.5017
41.2436	32.696	6.87316	37.5268	37.5559
41.2728	32.7281	6.89107	37.5375	37.6095
41.3019	32.76	6.90879	37.548	37.6625
41.3306	32.7917	6.92635	37.5583	37.7149
41.3591	32.8231	6.94373	37.5683	37.7667
41.3874	32.8543	6.96094	37.5782	37.818
41.4154	32.8853	6.97799	37.5878	37.8687
41.4432	32.9161	6.99487	37.5972	37.9188
41.4708	32.9467	7.01158	37.6065	37.9683
41.4981	32.977	7.02813	37.6155	38.0173
41.5252	33.0071	7.04453	37.6243	38.0658
41.552	33.0371	7.06076	37.633	38.1137
41.5786	33.0668	7.07683	37.6414	38.161
41.605	33.0963	7.09275	37.6497	38.2079
41.6311	33.1255	7.10852	37.6577	38.2541
41.657	33.1546	7.12413	37.6656	38.2999
41.6827	33.1835	7.1396	37.6733	38.3452
41.7082	33.2122	7.15491	37.6808	38.3899
41.7334	33.2406	7.17008	37.6882	38.4341
41.7585	33.2689	7.1851	37.6954	38.4778
41.7833	33.2969	7.19998	37.7024	38.521
41.8079	33.3248	7.21471	37.7092	38.5637
41.8323	33.3525	7.22931	37.7159	38.606
41.8564	33.3799	7.24377	37.7224	38.6477
41.8804	33.4072	7.25809	37.7287	38.689
41.9041	33.4343	7.27227	37.7349	38.7297
41.9277	33.4612	7.28632	37.7409	38.7701
41.951	33.4879	7.30023	37.7467	38.8099
41.9742	33.5144	7.31402	37.7524	38.8493
41.9971	33.5407	7.32767	37.758	38.8882
42.0198	33.5668	7.3412	37.7634	38.9267
42.0424	33.5928	7.35459	37.7686	38.9647
42.0647	33.6185	7.36787	37.7737	39.0023
42.0869	33.6441	7.38102	37.7787	39.0395
42.1088	33.6695	7.39404	37.7835	39.0762
42.1306	33.6947	7.40694	37.7882	39.1125
42.1522	33.7197	7.41973	37.7927	39.1483
42.1736	33.7446	7.43239	37.7971	39.1838
42.1948	33.7693	7.44494	37.8014	39.2188
42.2158	33.7938	7.45737	37.8055	39.2535
42.2366	33.8181	7.46969	37.8095	39.2877
42.2573	33.8423	7.48189	37.8133	39.3215
42.2778	33.8663	7.49398	37.8171	39.3549
42.298	33.8901	7.50596	37.8207	39.388
42.3182	33.9137	7.51783	37.8241	39.4206
42.3381	33.9372	7.52959	37.8275	39.4529
42.3579	33.9605	7.54124	37.8307	39.4848
42.3775	33.9836	7.55278	37.8338	39.5163
42.3969	34.0066	7.56423	37.8368	39.5475
42.4162	34.0294	7.57556	37.8397	39.5782
42.4353	34.0521	7.5868	37.8424	39.6087
42.4542	34.0746	7.59793	37.845	39.6387
42.4729	34.0969	7.60896	37.8475	39.6685
42.4915	34.1191	7.6199	37.8499	39.6978
42.51	34.1411	7.63073	37.8522	39.7269
42.5282	34.1629	7.64147	37.8544	39.7555
42.5463	34.1846	7.65211	37.8565	39.7839
42.5643	34.2062	7.66265	37.8585	39.8119
42.5821	34.2276	7.67311	37.8603	39.8396
42.5997	34.2488	7.68346	37.8621	39.867
42.6172	34.2699	7.69373	37.8637	39.894
42.6346	34.2908	7.70391	37.8653	39.9208
42.6518	34.3116	7.71399	37.8667	39.9472
42.6688	34.3322	7.72399	37.868	39.9733
42.6857	34.3527	7.7339	37.8693	39.9991
42.7024	34.3731	7.74372	37.8704	40.0247
42.719	34.3933	7.75346	37.8715	40.0499
42.7355	34.4133	7.76311	37.8724	40.0748
42.7518	34.4332	7.77268	37.8733	40.0994
42.7679	34.453	7.78216	37.874	40.1238
42.7839	34.4726	7.79156	37.8747	40.1479
42.7998	34.4921	7.80088	37.8753	40.1717
42.8156	34.5114	7.81012	37.8758	40.1952
42.8312	34.5307	7.81928	37.8762	40.2184
42.8466	34.5497	7.82836	37.8765	40.2414
42.862	34.5686	7.83736	37.8767	40.2641
42.8772	34.5874	7.84629	37.8768	40.2866
42.8923	34.6061	7.85514	37.8769	40.3088
42.9072	34.6246	7.86391	37.8768	40.3307
42.922	34.643	7.87261	37.8767	40.3524
42.9367	34.6613	7.88124	37.8765	40.3738
42.9512	34.6794	7.88979	37.8762	40.395
42.9656	34.6974	7.89827	37.8758	40.416
42.9799	34.7153	7.90668	37.8753	40.4367
42.9941	34.733	7.91502	37.8748	40.4571
43.0082	34.7506	7.92329	37.8742	40.4774
43.0221	34.7681	7.93148	37.8735	40.4974
43.0359	34.7855	7.93962	37.8727	40.5172
43.0496	34.8027	7.94768	37.8718	40.5367
43.0631	34.8198	7.95567	37.8708	40.5561
43.0766	34.8368	7.9636	37.8698	40.5752
43.0899	34.8537	7.97147	37.8687	40.5941
43.1031	34.8704	7.97927	37.8675	40.6128
43.1162	34.887	7.987	37.8663	40.6313
43.1292	34.9035	7.99468	37.8649	40.6496
43.1421	34.9199	8.00228	37.8635	40.6676
43.1548	34.9362	8.00983	37.862	40.6855
43.1675	34.9524	8.01732	37.8605	40.7032
43.18	34.9684	8.02474	37.8588	40.7206
43.1924	34.9843	8.03211	37.8571	40.7379
43.2047	35.0001	8.03941	37.8553	40.755
43.2169	35.0158	8.04666	37.8534	40.7719
43.229	35.0314	8.05385	37.8515	40.7886
43.241	35.0468	8.06098	37.8494	40.8051
43.2529	35.0622	8.06805	37.8473	40.8214
43.2647	35.0774	8.07507	37.8452	40.8376
43.2764	35.0925	8.08203	37.8429	40.8536
43.288	35.1076	8.08893	37.8406	40.8694
43.2995	35.1225	8.09578	37.8382	40.885
43.3109	35.1373	8.10258	37.8357	40.9005
43.3221	35.152	8.10932	37.8332	40.9157
43.3333	35.1666	8.11601	37.8306	40.9309
43.3444	35.1811	8.12265	37.8279	40.9458
43.3554	35.1954	8.12923	37.8251	40.9606
43.3663	35.2097	8.13577	37.8223	40.9753
43.3771	35.2239	8.14225	37.8194	40.9897
43.3878	35.2379	8.14868	37.8164	41.0041
43.3984	35.2519	8.15507	37.8133	41.0182
43.4089	35.2658	8.1614	37.8102	41.0322
43.4193	35.2795	8.16768	37.807	41.0461
43.4297	35.2932	8.17392	37.8037	41.0598
43.4399	35.3068	8.18011	37.8003	41.0734
43.4501	35.3202	8.18625	37.7969	41.0868
43.4602	35.3336	8.19234	37.7934	41.1001
43.4701	35.3469	8.19839	37.7898	41.1132
43.48	35.3601	8.20439	37.7861	41.1262
43.4898	35.3731	8.21035	37.7824	41.1391
43.4995	35.3861	8.21626	37.7786	41.1518
43.5092	35.399	8.22213	37.7747	41.1644
43.5187	35.4118	8.22795	37.7707	41.1768
43.5282	35.4245	8.23373	37.7667	41.1891
43.5376	35.4371	8.23947	37.7625	41.2013
43.5469	35.4497	8.24516	37.7583	41.2134
43.5561	35.4621	8.25081	37.7541	41.2253
43.5653	35.4744	8.25642	37.7497	41.2372
43.5743	35.4867	8.26199	37.7453	41.2489
43.5833	35.4988	8.26751	37.7407	41.2604
43.5922	35.5109	8.273	37.7361	41.2719
43.601	35.5229	8.27844	37.7315	41.2832
43.6098	35.5348	8.28385	37.7267	41.2944
43.6185	35.5466	8.28921	37.7219	41.3055
43.6271	35.5583	8.29454	37.7169	41.3165
43.6356	35.5699	8.29982	37.7119	41.3274
43.644	35.5815	8.30507	37.7068	41.3381
43.6524	35.593	8.31028	37.7017	41.3488
43.6607	35.6043	8.31546	37.6964	41.3593
43.6689	35.6156	8.32059	37.6911	41.3697
43.6771	35.6269	8.32569	37.6856	41.3801
43.6852	35.638	8.33076	37.6801	41.3903
43.6932	35.649	8.33578	37.6745	41.4004
43.7012	35.66	8.34077	37.6688	41.4104
43.709	35.6709	8.34573	37.663	41.4203
43.7168	35.6817	8.35065	37.6572	41.4301
43.7246	35.6925	8.35553	37.6512	41.4398
43.7323	35.7031	8.36038	37.6452	41.4495
43.7399	35.7137	8.3652	37.639	41.459
43.7474	35.7242	8.36998	37.6328	41.4684
43.7549	35.7346	8.37473	37.6265	41.4777
43.7623	35.745	8.37944	37.6201	41.487
43.7696	35.7552	8.38413	37.6136	41.4961
43.7769	35.7654	8.38878	37.607	41.5052
43.7841	35.7756	8.39339	37.6003	41.5141
43.7913	35.7856	8.39798	37.5935	41.523
43.7984	35.7956	8.40253	37.5866	41.5318
43.8054	35.8055	8.40706	37.5797	41.5405
43.8124	35.8153	8.41155	37.5726	41.5491
43.8193	35.8251	8.41601	37.5654	41.5576
43.8262	35.8347	8.42044	37.5582	41.566
43.833	35.8444	8.42484	37.5508	41.5744
43.8397	35.8539	8.42921	37.5433	41.5827
43.8464	35.8634	8.43355	37.5358	41.5909
43.853	35.8728	8.43786	37.5281	41.599
43.8595	35.8821	8.44214	37.5204	41.607
43.866	35.8914	8.44639	37.5125	41.615
43.8725	35.9006	8.45062	37.5045	41.6229
43.8789	35.9097	8.45481	37.4965	41.6307
43.8852	35.9187	8.45898	37.4883	41.6384
43.8915	35.9277	8.46312	37.4801	41.6461
43.8977	35.9367	8.46723	37.4717	41.6536
43.9039	35.9455	8.47131	37.4632	41.6612
43.91	35.9543	8.47537	37.4546	41.6686
43.916	35.9631	8.4794	37.446	41.6759
43.9221	35.9717	8.48341	37.4372	41.6832
43.928	35.9803	8.48738	37.4283	41.6905
43.9339	35.9889	8.49133	37.4193	41.6976
43.9398	35.9973	8.49526	37.4102	41.7047
43.9456	36.0058	8.49916	37.401	41.7117
43.9513	36.0141	8.50303	37.3917	41.7187
43.957	36.0224	8.50688	37.3823	41.7256
43.9627	36.0306	8.51071	37.3728	41.7324
43.9683	36.0388	8.5145	37.3632	41.7391
43.9738	36.0469	8.51828	37.3535	41.7458
43.9794	36.055	8.52203	37.3437	41.7524
43.9848	36.0629	8.52575	37.3338	41.759
43.9902	36.0709	8.52946	37.3237	41.7655
43.9956	36.0788	8.53313	37.3136	41.7719
44.0009	36.0866	8.53679	37.3034	41.7783
44.0062	36.0943	8.54042	37.293	41.7846
44.0114	36.102	8.54403	37.2826	41.7909
44.0166	36.1097	8.54761	37.272	41.7971
44.0217	36.1172	8.55118	37.2614	41.8033
44.0268	36.1248	8.55472	37.2506	41.8093
44.0319	36.1322	8.55823	37.2398	41.8154
44.0369	36.1397	8.56173	37.2288	41.8213
44.0418	36.147	8.5652	37.2178	41.8273
44.0468	36.1543	8.56865	37.2067	41.8331
44.0516	36.1616	8.57208	37.1954	41.8389
44.0565	36.1688	8.57549	37.1841	41.8447
44.0613	36.1759	8.57888	37.1726	41.8504
44.066	36.183	8.58225	37.1611	41.856
44.0707	36.1901	8.58559	37.1495	41.8616
44.0754	36.197	8.58892	37.1378	41.8672
44.08	36.204	8.59222	37.1259	41.8727
44.0846	36.2109	8.5955	37.114	41.8781
44.0891	36.2177	8.59877	37.102	41.8835
44.0936	36.2245	8.60201	37.09	41.8888
44.0981	36.2312	8.60523	37.0778	41.8941
44.1025	36.2379	8.60844	37.0655	41.8994
44.1069	36.2445	8.61162	37.0532	41.9046
44.1113	36.2511	8.61479	37.0408	41.9097
44.1156	36.2576	8.61793	37.0282	41.9148
44.1199	36.2641	8.62106	37.0156	41.9199
44.1241	36.2706	8.62417	37.003	41.9249
44.1283	36.277	8.62726	36.9902	41.9299
44.1325	36.2833	8.63033	36.9774	41.9348
44.1366	36.2896	8.63338	36.9645	41.9397
44.1407	36.2958	8.63641	36.9515	41.9445
44.1448	36.302	8.63943	36.9385	41.9493
44.1488	36.3082	8.64242	36.9254	41.954
44.1528	36.3143	8.6454	36.9122	41.9587
44.1568	36.3204	8.64836	36.8989	41.9634
44.1607	36.3264	8.65131	36.8856	41.968
44.1646	36.3324	8.65424	36.8722	41.9726
44.1684	36.3383	8.65714	36.8588	41.9771
44.1723	36.3442	8.66004	36.8453	41.9816
44.1761	36.35	8.66291	36.8317	41.986
44.1798	36.3558	8.66577	36.8181	41.9905
44.1835	36.3616	8.66861	36.8044	41.9948
44.1872	36.3673	8.67144	36.7907	41.9992
44.1909	36.3729	8.67425	36.7769	42.0034
44.1945	36.3786	8.67704	36.7631	42.0077
44.1981	36.3841	8.67981	36.7492	42.0119
44.2017	36.3897	8.68257	36.7353	42.0161
44.2052	36.3952	8.68532	36.7213	42.0202
44.2087	36.4006	8.68804	36.7073	42.0243
44.2122	36.4061	8.69076	36.6933	42.0284
44.2156	36.4114	8.69345	36.6792	42.0324
44.219	36.4168	8.69613	36.6651	42.0364
44.2224	36.4221	8.6988	36.6509	42.0404
44.2258	36.4273	8.70145	36.6367	42.0443
44.2291	36.4325	8.70408	36.6225	42.0482
44.2324	36.4377	8.7067	36.6083	42.0521
44.2357	36.4429	8.70931	36.594	42.0559
44.2389	36.448	8.7119	36.5797	42.0597
44.2421	36.453	8.71448	36.5654	42.0634
44.2453	36.4581	8.71704	36.5511	42.0671
44.2485	36.463	8.71958	36.5367	42.0708
44.2516	36.468	8.72212	36.5224	42.0745
44.2547	36.4729	8.72463	36.508	42.0781
44.2578	36.4778	8.72714	36.4936	42.0817
44.2608	36.4826	8.72963	36.4792	42.0853
44.2639	36.4874	8.7321	36.4648	42.0888
44.2669	36.4922	8.73457	36.4503	42.0923
44.2698	36.4969	8.73701	36.4359	42.0957
44.2728	36.5016	8.73945	36.4215	42.0992
44.2757	36.5063	8.74187	36.407	42.1026
44.2786	36.5109	8.74428	36.3926	42.1059
44.2815	36.5155	8.74667	36.3781	42.1093
44.2843	36.52	8.74905	36.3637	42.1126
44.2871	36.5246	8.75142	36.3493	42.1159
44.2899	36.5291	8.75378	36.3348	42.1191
44.2927	36.5335	8.75612	36.3204	42.1224
44.2954	36.5379	8.75845	36.306	42.1256
44.2982		8.76076	36.2916	42.1287
44.3009		8.76307	36.2772	42.1319
44.3036		8.76536	36.2628	42.135
44.3062		8.76764	36.2485	42.1381
44.3088		8.7699	36.2341	42.1411
44.3114		8.77216	36.2198	42.1442
44.314		8.7744	36.2055	42.1472
44.3166		8.77663	36.1912	42.1502
44.3191		8.77885	36.1769	42.1531
44.3217		8.78105	36.1627	42.1561
44.3242		8.78325	36.1484	42.159
44.3266		8.78543	36.1342	42.1618
44.3291		8.7876	36.1201	42.1647
44.3315		8.78976	36.1059	42.1675
44.3339		8.79191	36.0918	42.1703
44.3363		8.79404	36.0777	42.1731
44.3387		8.79617	36.0636	42.1759
44.3411		8.79828	36.0496	42.1786
44.3434		8.80038	36.0356	42.1813
44.3457		8.80247	36.0216	42.184
44.348		8.80455	36.0077	42.1866
44.3503		8.80662	35.9938	42.1893
44.3525		8.80868	35.9799	42.1919
44.3548		8.81073	35.9661	42.1945
44.357		8.81276	35.9523	42.197
44.3592		8.81479	35.9386	42.1996
44.3613		8.8168	35.9249	42.2021
44.3635		8.81881	35.9112	42.2046
44.3656		8.8208	35.8976	42.2071
44.3678		8.82279	35.884	42.2096
44.3699		8.82476	35.8704	42.212
44.3719		8.82672	35.8569	42.2144
44.374		8.82868	35.8435	42.2168
44.376		8.83062	35.8301	42.2192
44.3781		8.83255	35.8167	42.2215
44.3801		8.83448	35.8034	42.2239
44.3821		8.83639	35.7901	42.2262
44.3841		8.83829	35.7769	42.2285
44.386		8.84019	35.7637	42.2307
44.388		8.84207	35.7506	42.233
44.3899		8.84395	35.7375	42.2352
44.3918		8.84581	35.7244	42.2374
44.3937		8.84767	35.7115	42.2396
44.3956		8.84951	35.6985	42.2418
44.3974		8.85135	35.6856	42.244
44.3993			35.6728	42.2461
44.4011			35.66	42.2482
44.4029			35.6473	42.2503
44.4047			35.6346	42.2524
44.4065			35.6219	42.2545
44.4083			35.6094	42.2565
44.41			35.5968	42.2586
44.4118			35.5844	42.2606
44.4135			35.5719	42.2626
44.4152			35.5596	42.2645
44.4169			35.5472	42.2665
44.4186			35.535	42.2684
44.4202			35.5228	42.2704
44.4219			35.5106	42.2723
44.4235			35.4985	42.2742
44.4251			35.4865	42.276
44.4267			35.4745	42.2779
44.4283			35.4625	42.2797
44.4299			35.4507	42.2816
44.4315			35.4388	42.2834
44.433			35.4271	42.2852
44.4345				42.287
44.4361				42.2887
44.4376				42.2905
44.4391				42.2922
44.4406				42.2939
44.442				42.2956
44.4435				42.2973
44.4449				42.299
44.4464				42.3007
44.4478				42.3023
44.4492				42.3039
44.4506				42.3056
44.452				42.3072
44.4534				42.3088
44.4547				42.3103
44.4561				42.3119
44.4574				42.3134
44.4587				42.315
44.46				42.3165
44.4613				42.318
44.4626				42.3195
44.4639				42.321
44.4652				42.3225
44.4664				42.3239
44.4677				42.3254
44.4689				42.3268
44.4702				42.3282
44.4714				42.3296
44.4726				42.331
44.4738				42.3324
44.475				42.3338
44.4761				42.3351
44.4773				42.3365
44.4784				42.3378
44.4796				42.3391
44.4807				42.3404
44.4818				42.3417
44.483				42.343
44.4841				42.3443
44.4851				42.3456
44.4862				42.3468
44.4873				42.3481
44.4884				42.3493
44.4894				42.3505
44.4905				42.3517
44.4915				42.3529
44.4925				42.3541
44.4936				42.3553
44.4946				42.3565
44.4956				42.3576
44.4966				42.3588
44.4976				42.3599
44.4985				42.3611
44.4995				42.3622
44.5005				42.3633
44.5014				42.3644
44.5023				42.3655
44.5033				42.3666
44.5042				42.3676
44.5051				42.3687
44.506				42.3698
44.5069				42.3708
44.5078				42.3718
44.5087				42.3729
44.5096				42.3739
44.5105				42.3749
44.5113				42.3759
44.5122				42.3769
44.513				42.3778
44.5139				42.3788
44.5147				42.3798
44.5155				42.3807
44.5163				42.3817
44.5171				42.3826
44.518				42.3836
44.5187				42.3845
44.5195				42.3854
44.5203				42.3863
44.5211				42.3872
44.5219				42.3881
44.5226				42.389
44.5234				42.3898
44.5241				42.3907
44.5249				42.3916
44.5256				42.3924
44.5263				42.3932
44.5271				42.3941
44.5278				42.3949
44.5285				42.3957
44.5292				42.3965
44.5299				42.3973
44.5306				42.3981
44.5313				42.3989
44.5319				42.3997
44.5326				42.4005
44.5333				42.4013
44.5339				42.402
44.5346				42.4028
44.5352				42.4035
44.5359				42.4043
44.5365				42.405
44.5371				42.4057
44.5378				42.4065
44.5384				42.4072
44.539				42.4079
44.5396				42.4086
44.5402				42.4093
44.5408				42.41
44.5414				42.4107
44.542				42.4113
44.5426				42.412
44.5431				42.4127
44.5437				42.4133
44.5443				42.414
44.5448				42.4146
44.5454				42.4153
44.5459				42.4159
44.5465				42.4165
44.547				42.4172
44.5476				42.4178
44.5481				42.4184
44.5486				42.419
44.5491				42.4196
44.5497				42.4202
44.5502				42.4208
44.5507				42.4214
44.5512				42.4219
44.5517				42.4225
44.5522				42.4231
44.5526				42.4237
44.5531				42.4242
44.5536				42.4248
44.5541				42.4253
44.5546				42.4259
44.555				42.4264
44.5555				42.4269
44.5559				42.4274
44.5564				42.428
44.5568				42.4285
44.5573				42.429
44.5577				42.4295
44.5582				42.43
44.5586				42.4305
44.559				42.431
44.5594				42.4315
44.5599				42.432
44.5603				42.4324
44.5607				42.4329
44.5611				
44.5615				
44.5619				
44.5623				
44.5627				
44.5631				
44.5634				
44.5638				
44.5642				
44.5646				
44.5649				
44.5653				
44.5657				
44.566				
44.5664				
44.5667				
44.5671				
44.5674				
44.5678				
44.5681				
44.5684				
44.5688				
44.5691				
44.5694				
44.5697				
44.5701				
44.5704				
44.5707				
44.571				
44.5713				
44.5716				
44.5719				
44.5722				
44.5725				
44.5728				
44.5731				
44.5733				
44.5736				
44.5739				
44.5742				
44.5744				
44.5747				
44.575				
44.5752				
44.5755				
44.5757				
44.576				
44.5762				
44.5765				
44.5767				
44.577				
44.5772				
44.5775				
44.5777				
44.5779				
44.5782				
44.5784				
44.5786				
44.5788				
44.579				
44.5793				
44.5795				
44.5797				
44.5799				
44.5801				
44.5803				
44.5805				
44.5807				
44.5809				
44.5811				
44.5813				
44.5815				
44.5817				
44.5818				
44.582				
44.5822				
44.5824				
44.5825				
44.5827				
44.5829				
44.5831				
44.5832				
44.5834				
44.5835				
44.5837				
44.5839				
44.584				
44.5842				
44.5843				
44.5845				
44.5846				
44.5848				
44.5849				
44.585				
44.5852				
44.5853				
44.5854				
44.5856				
44.5857				
44.5858				
44.586				
44.5861				
44.5862				
44.5863				
44.5864				
44.5866				
44.5867				
44.5868				
44.5869				
44.587				
44.5871				
44.5872				
44.5873				
44.5874				
44.5875				
44.5876				
44.5877				
44.5878				
44.5879				
44.588				
44.5881				
44.5882				
44.5882				
44.5883				
44.5884				
44.5885				
44.5886				
44.5886				
44.5887				
44.5888				
44.5889				
44.5889				
44.589				
44.5891				
44.5891				
44.5892				
44.5893				
44.5893				
44.5894				
44.5894				
44.5895				
44.5895				
44.5896				
44.5897				
44.5897				
44.5897				
44.5898				
44.5898				
44.5899				
44.5899				
44.59				
44.59				
44.59				
44.5901				
44.5901				
44.5901				
44.5902				
44.5902				
44.5902				
44.5903				
44.5903				
44.5903				
44.5903				
44.5904				
44.5904				
44.5904				
44.5904				
44.5904				
44.5905				
44.5905				
44.5905				
44.5905				
44.5905				
44.5905				
44.5905				
44.5905				
44.5905				
44.5905				
44.5905				
44.5905				
44.5905				
44.5905				
44.5905				
44.5905				
44.5905				
44.5905				
44.5905				
44.5905				
44.5905				
44.5905				
44.5905				
44.5905				
44.5904				
44.5904				
44.5904				
44.5904				
44.5904				
44.5903				
44.5903				
44.5903				
44.5903				
44.5903				
44.5902				
44.5902				
44.5902				
44.5901				
44.5901				
44.5901				
44.59				
44.59				
44.59				
44.5899				
44.5899				
44.5899				
44.5898				
44.5898				
44.5898				
44.5897				
44.5897				
44.5896				
44.5896				
44.5895				
44.5895				
44.5894				
44.5894				
44.5893				
44.5893				
44.5892				
44.5892				
44.5891				
44.5891				
44.589				
44.589				
44.5889				
44.5888				
44.5888				
44.5887				
44.5887				
44.5886				
44.5885				
44.5885				
44.5884				
44.5883				
44.5883				
44.5882				
44.5881				
44.5881				
44.588				
44.5879				
44.5879				
44.5878				
44.5877				
44.5876				
44.5876				
44.5875				
44.5874				
44.5873				
44.5872				
44.5872				
44.5871				
44.587				
44.5869				
44.5868				
44.5867				
44.5867				
44.5866				
44.5865				
44.5864				
44.5863				
44.5862				
44.5861				
44.586				
44.586				
44.5859				
44.5858				
44.5857				
44.5856				
44.5855				
44.5854				
44.5853				
44.5852				
44.5851				
44.585				
44.5849				
44.5848				
44.5847				
44.5846				
44.5845				
44.5844				
44.5843				
44.5842				
44.5841				
44.584				
44.5839				
44.5837				
44.5836				
44.5835				
44.5834				
44.5833				
44.5832				
44.5831				
44.583				
44.5829				
44.5827				
44.5826				
44.5825				
44.5824				
44.5823				
44.5822				
44.582				
44.5819				
44.5818				
44.5817				
44.5816				
44.5814				
44.5813				
44.5812				
44.5811				
44.581				
44.5808				
44.5807				
44.5806				
44.5805				
44.5803				
44.5802				
44.5801				
44.5799				
44.5798				
44.5797				
44.5795				
44.5794				
44.5793				
44.5792				
44.579				
44.5789				
44.5788				
44.5786				
44.5785				
44.5783				
44.5782				
44.5781				
44.5779				
44.5778				
44.5777				
44.5775				
44.5774				
44.5772				
44.5771				
44.577				
44.5768				
44.5767				
44.5765				
44.5764				
44.5762				
44.5761				
44.5759				
44.5758				
44.5757				
44.5755				
44.5754				
44.5752				
44.5751				
44.5749				
44.5748				
44.5746				
44.5745				
44.5743				
44.5742				
44.574				
44.5739				
44.5737				
44.5736				
44.5734				
44.5732				
44.5731				
44.5729				
44.5728				
44.5726				
44.5725				
44.5723				
44.5721				
44.572				
44.5718				
44.5717				
44.5715				
44.5714				
44.5712				
44.571				
44.5709				
44.5707				
44.5705				
44.5704				
44.5702				
44.5701				
44.5699				
44.5697				
44.5696				
44.5694				
44.5692				
44.5691				
44.5689				
44.5687				
44.5686				
44.5684				
44.5682				
44.5681				
44.5679				
44.5677				
44.5675				
44.5674				
44.5672				
44.567				
44.5669				
44.5667				
44.5665				
44.5663				
44.5662				
44.566				
44.5658				
44.5656				
44.5655				
44.5653				
44.5651				
44.5649				
44.5648				
44.5646				
44.5644				
44.5642				
44.5641				
44.5639				
44.5637				
44.5635				
44.5633				
44.5632				
44.563				
44.5628				
44.5626				
44.5624				
44.5623				
44.5621				
44.5619				
44.5617				
44.5615				
44.5614				
44.5612				
44.561				
44.5608				
44.5606				
44.5604				
44.5602				
44.5601				
44.5599				
44.5597				
44.5595				
44.5593				
44.5591				
44.5589				
44.5588				
44.5586				
44.5584				
44.5582				
44.558				
44.5578				
44.5576				
44.5574				
44.5572				
44.557				
44.5569				
44.5567				
44.5565				
44.5563				
44.5561				
44.5559				
44.5557				
44.5555				
44.5553				
44.5551				
44.5549				
44.5547				
44.5545				
44.5544				
44.5542				
44.554				
44.5538				
44.5536				
44.5534				
44.5532				
44.553				
44.5528				
44.5526				
44.5524				
44.5522				
44.552				
44.5518				
44.5516				
44.5514				
44.5512				
44.551				
44.5508				
44.5506				
44.5504				
44.5502				
44.55				
44.5498				
44.5496				
44.5494				
44.5492				
44.549				
44.5488				
44.5486				
44.5484				
44.5482				
44.548				
44.5478				
44.5476				
44.5474				
44.5472				
44.547				
44.5468				
44.5466				
44.5464				
44.5462				
44.546				
44.5458				
44.5456				
44.5453				
44.5451				
44.5449				
44.5447				
44.5445				
44.5443				
44.5441				
44.5439				
44.5437				
44.5435				
44.5433				
44.5431				
44.5429				
44.5427				
44.5425				
44.5422				
44.542				
44.5418				
44.5416				
44.5414				
44.5412				
44.541				
44.5408				
44.5406				
44.5404				
44.5402				
44.5399				
44.5397				
44.5395				
44.5393				
44.5391				
44.5389				
44.5387				
44.5385				
44.5383				
44.538				
44.5378				
44.5376				
44.5374				
44.5372				
44.537				
44.5368				
44.5366				
44.5363				
44.5361				
44.5359				
44.5357				
44.5355				
44.5353				
44.5351				
44.5349				
44.5346				
44.5344				
44.5342				
44.534				
44.5338				

